0.0000, 0.0000
0.1001, 0.0000
0.2002, 0.0000
0.3003, 0.0000
0.4003, 0.0000
0.5004, 0.0000
0.6005, 0.0001
0.7006, 0.0001
0.8007, 0.0001
0.9008, 0.0002
1.0008, 0.0002
1.1009, 0.0003
1.2010, 0.0003
1.3011, 0.0003
1.4012, 0.0003
1.5013, 0.0003
1.6013, 0.0002
1.7014, 0.0001
1.8015, 0.0001
1.9016, -0.0000
2.0017, -0.0001
2.1018, -0.0002
2.2018, -0.0002
2.3019, -0.0003
2.4020, -0.0003
2.5021, -0.0003
2.6022, -0.0002
2.7023, -0.0002
2.8023, -0.0002
2.9024, -0.0001
3.0025, -0.0000
3.1026, 0.0000
3.2027, 0.0001
3.3028, 0.0002
3.4028, 0.0004
3.5029, 0.0005
3.6030, 0.0008
3.7031, 0.0010
3.8032, 0.0013
3.9033, 0.0016
4.0033, 0.0019
4.1034, 0.0021
4.2035, 0.0023
4.3036, 0.0023
4.4037, 0.0023
4.5038, 0.0021
4.6038, 0.0019
4.7039, 0.0015
4.8040, 0.0011
4.9041, 0.0006
5.0042, 0.0001
5.1043, -0.0004
5.2043, -0.0009
5.3044, -0.0013
5.4045, -0.0016
5.5046, -0.0018
5.6047, -0.0019
5.7048, -0.0018
5.8048, -0.0016
5.9049, -0.0012
6.0050, -0.0008
6.1051, -0.0003
6.2052, 0.0001
6.3053, 0.0006
6.4053, 0.0009
6.5054, 0.0012
6.6055, 0.0014
6.7056, 0.0016
6.8057, 0.0016
6.9058, 0.0015
7.0058, 0.0014
7.1059, 0.0012
7.2060, 0.0010
7.3061, 0.0009
7.4062, 0.0008
7.5063, 0.0008
7.6063, 0.0008
7.7064, 0.0009
7.8065, 0.0010
7.9066, 0.0011
8.0067, 0.0012
8.1068, 0.0012
8.2068, 0.0012
8.3069, 0.0011
8.4070, 0.0009
8.5071, 0.0007
8.6072, 0.0004
8.7073, 0.0001
8.8073, -0.0002
8.9074, -0.0005
9.0075, -0.0007
9.1076, -0.0009
9.2077, -0.0010
9.3078, -0.0010
9.4078, -0.0010
9.5079, -0.0009
9.6080, -0.0007
9.7081, -0.0005
9.8082, -0.0002
9.9083, 0.0000
10.0083, 0.0002
10.1084, 0.0005
10.2085, 0.0006
10.3086, 0.0008
10.4087, 0.0008
10.5088, 0.0009
10.6088, 0.0008
10.7089, 0.0007
10.8090, 0.0005
10.9091, 0.0004
11.0092, 0.0001
11.1093, -0.0001
11.2093, -0.0003
11.3094, -0.0005
11.4095, -0.0006
11.5096, -0.0007
11.6097, -0.0007
11.7098, -0.0007
11.8098, -0.0006
11.9099, -0.0004
12.0100, -0.0001
12.1101, 0.0002
12.2102, 0.0006
12.3103, 0.0010
12.4103, 0.0014
12.5104, 0.0018
12.6105, 0.0022
12.7106, 0.0025
12.8107, 0.0027
12.9108, 0.0029
13.0108, 0.0029
13.1109, 0.0029
13.2110, 0.0028
13.3111, 0.0026
13.4112, 0.0022
13.5113, 0.0019
13.6113, 0.0014
13.7114, 0.0008
13.8115, 0.0003
13.9116, -0.0004
14.0117, -0.0009
14.1118, -0.0014
14.2118, -0.0018
14.3119, -0.0021
14.4120, -0.0022
14.5121, -0.0021
14.6122, -0.0018
14.7123, -0.0015
14.8123, -0.0010
14.9124, -0.0005
15.0125, 0.0000
15.1126, 0.0005
15.2127, 0.0010
15.3128, 0.0013
15.4128, 0.0016
15.5129, 0.0018
15.6130, 0.0018
15.7131, 0.0017
15.8132, 0.0015
15.9133, 0.0012
16.0133, 0.0008
16.1134, 0.0003
16.2135, -0.0002
16.3136, -0.0006
16.4137, -0.0010
16.5138, -0.0013
16.6138, -0.0015
16.7139, -0.0015
16.8140, -0.0015
16.9141, -0.0014
17.0142, -0.0011
17.1143, -0.0007
17.2143, -0.0003
17.3144, 0.0002
17.4145, 0.0008
17.5146, 0.0013
17.6147, 0.0018
17.7148, 0.0022
17.8148, 0.0024
17.9149, 0.0025
18.0150, 0.0024
18.1151, 0.0022
18.2152, 0.0018
18.3153, 0.0013
18.4153, 0.0007
18.5154, 0.0001
18.6155, -0.0004
18.7156, -0.0009
18.8157, -0.0013
18.9158, -0.0015
19.0158, -0.0015
19.1159, -0.0014
19.2160, -0.0011
19.3161, -0.0007
19.4162, -0.0002
19.5163, 0.0004
19.6163, 0.0010
19.7164, 0.0015
19.8165, 0.0019
19.9166, 0.0021
20.0167, 0.0022
20.1168, 0.0021
20.2168, 0.0018
20.3169, 0.0014
20.4170, 0.0010
20.5171, 0.0004
20.6172, -0.0001
20.7173, -0.0006
20.8173, -0.0010
20.9174, -0.0014
21.0175, -0.0017
21.1176, -0.0018
21.2177, -0.0018
21.3178, -0.0017
21.4178, -0.0015
21.5179, -0.0011
21.6180, -0.0007
21.7181, -0.0002
21.8182, 0.0002
21.9183, 0.0007
22.0183, 0.0010
22.1184, 0.0013
22.2185, 0.0015
22.3186, 0.0016
22.4187, 0.0015
22.5188, 0.0014
22.6188, 0.0011
22.7189, 0.0008
22.8190, 0.0005
22.9191, 0.0001
23.0192, -0.0003
23.1193, -0.0006
23.2193, -0.0009
23.3194, -0.0011
23.4195, -0.0012
23.5196, -0.0012
23.6197, -0.0011
23.7198, -0.0008
23.8198, -0.0005
23.9199, -0.0001
24.0200, 0.0003
24.1201, 0.0007
24.2202, 0.0011
24.3203, 0.0015
24.4204, 0.0019
24.5204, 0.0022
24.6205, 0.0023
24.7206, 0.0024
24.8207, 0.0024
24.9208, 0.0022
25.0209, 0.0019
25.1209, 0.0015
25.2210, 0.0011
25.3211, 0.0005
25.4212, -0.0000
25.5213, -0.0006
25.6214, -0.0011
25.7214, -0.0015
25.8215, -0.0018
25.9216, -0.0019
26.0217, -0.0019
26.1218, -0.0018
26.2219, -0.0015
26.3219, -0.0012
26.4220, -0.0007
26.5221, -0.0003
26.6222, 0.0002
26.7223, 0.0007
26.8224, 0.0011
26.9224, 0.0014
27.0225, 0.0016
27.1226, 0.0016
27.2227, 0.0016
27.3228, 0.0015
27.4229, 0.0012
27.5229, 0.0009
27.6230, 0.0005
27.7231, 0.0001
27.8232, -0.0003
27.9233, -0.0007
28.0234, -0.0010
28.1234, -0.0012
28.2235, -0.0013
28.3236, -0.0013
28.4237, -0.0011
28.5238, -0.0009
28.6239, -0.0006
28.7239, -0.0002
28.8240, 0.0003
28.9241, 0.0007
29.0242, 0.0011
29.1243, 0.0014
29.2244, 0.0017
29.3244, 0.0018
29.4245, 0.0019
29.5246, 0.0018
29.6247, 0.0017
29.7248, 0.0014
29.8249, 0.0011
29.9249, 0.0008
30.0250, 0.0004
30.1251, 0.0001
30.2252, -0.0003
30.3253, -0.0005
30.4254, -0.0007
30.5254, -0.0008
30.6255, -0.0008
30.7256, -0.0007
30.8257, -0.0006
30.9258, -0.0003
31.0259, -0.0000
31.1259, 0.0003
31.2260, 0.0006
31.3261, 0.0008
31.4262, 0.0011
31.5263, 0.0012
31.6264, 0.0012
31.7264, 0.0012
31.8265, 0.0010
31.9266, 0.0008
32.0267, 0.0005
32.1268, 0.0002
32.2269, -0.0001
32.3269, -0.0003
32.4270, -0.0006
32.5271, -0.0008
32.6272, -0.0009
32.7273, -0.0010
32.8274, -0.0010
32.9274, -0.0009
33.0275, -0.0008
33.1276, -0.0006
33.2277, -0.0004
33.3278, -0.0001
33.4279, 0.0001
33.5279, 0.0004
33.6280, 0.0007
33.7281, 0.0010
33.8282, 0.0014
33.9283, 0.0017
34.0284, 0.0021
34.1284, 0.0025
34.2285, 0.0029
34.3286, 0.0033
34.4287, 0.0036
34.5288, 0.0037
34.6289, 0.0038
34.7289, 0.0037
34.8290, 0.0034
34.9291, 0.0030
35.0292, 0.0024
35.1293, 0.0018
35.2294, 0.0010
35.3294, 0.0002
35.4295, -0.0006
35.5296, -0.0013
35.6297, -0.0020
35.7298, -0.0025
35.8299, -0.0028
35.9299, -0.0029
36.0300, -0.0028
36.1301, -0.0025
36.2302, -0.0020
36.3303, -0.0013
36.4304, -0.0006
36.5304, 0.0001
36.6305, 0.0008
36.7306, 0.0014
36.8307, 0.0019
36.9308, 0.0022
37.0309, 0.0024
37.1309, 0.0024
37.2310, 0.0023
37.3311, 0.0020
37.4312, 0.0015
37.5313, 0.0010
37.6314, 0.0004
37.7314, -0.0001
37.8315, -0.0006
37.9316, -0.0010
38.0317, -0.0012
38.1318, -0.0012
38.2319, -0.0010
38.3319, -0.0008
38.4320, -0.0004
38.5321, 0.0001
38.6322, 0.0006
38.7323, 0.0011
38.8324, 0.0015
38.9324, 0.0019
39.0325, 0.0022
39.1326, 0.0023
39.2327, 0.0024
39.3328, 0.0022
39.4329, 0.0020
39.5329, 0.0016
39.6330, 0.0011
39.7331, 0.0005
39.8332, -0.0001
39.9333, -0.0006
40.0334, -0.0012
40.1334, -0.0016
40.2335, -0.0019
40.3336, -0.0020
40.4337, -0.0020
40.5338, -0.0018
40.6339, -0.0016
40.7339, -0.0012
40.8340, -0.0008
40.9341, -0.0003
41.0342, 0.0002
41.1343, 0.0007
41.2344, 0.0011
41.3344, 0.0015
41.4345, 0.0017
41.5346, 0.0018
41.6347, 0.0018
41.7348, 0.0016
41.8349, 0.0014
41.9349, 0.0010
42.0350, 0.0005
42.1351, 0.0001
42.2352, -0.0004
42.3353, -0.0008
42.4354, -0.0011
42.5354, -0.0014
42.6355, -0.0015
42.7356, -0.0015
42.8357, -0.0015
42.9358, -0.0013
43.0359, -0.0010
43.1359, -0.0005
43.2360, 0.0000
43.3361, 0.0007
43.4362, 0.0014
43.5363, 0.0022
43.6364, 0.0030
43.7364, 0.0037
43.8365, 0.0043
43.9366, 0.0047
44.0367, 0.0049
44.1368, 0.0049
44.2369, 0.0046
44.3369, 0.0041
44.4370, 0.0035
44.5371, 0.0026
44.6372, 0.0017
44.7373, 0.0007
44.8374, -0.0003
44.9374, -0.0012
45.0375, -0.0021
45.1376, -0.0028
45.2377, -0.0033
45.3378, -0.0036
45.4379, -0.0035
45.5379, -0.0033
45.6380, -0.0028
45.7381, -0.0020
45.8382, -0.0012
45.9383, -0.0003
46.0384, 0.0006
46.1384, 0.0014
46.2385, 0.0021
46.3386, 0.0026
46.4387, 0.0029
46.5388, 0.0030
46.6389, 0.0029
46.7389, 0.0026
46.8390, 0.0021
46.9391, 0.0016
47.0392, 0.0009
47.1393, 0.0002
47.2394, -0.0004
47.3394, -0.0008
47.4395, -0.0011
47.5396, -0.0013
47.6397, -0.0012
47.7398, -0.0010
47.8399, -0.0006
47.9399, -0.0001
48.0400, 0.0005
48.1401, 0.0011
48.2402, 0.0016
48.3403, 0.0021
48.4404, 0.0025
48.5405, 0.0028
48.6405, 0.0029
48.7406, 0.0029
48.8407, 0.0026
48.9408, 0.0022
49.0409, 0.0016
49.1410, 0.0009
49.2410, 0.0002
49.3411, -0.0006
49.4412, -0.0013
49.5413, -0.0018
49.6414, -0.0022
49.7415, -0.0024
49.8415, -0.0024
49.9416, -0.0022
50.0417, -0.0018
50.1418, -0.0013
50.2419, -0.0006
50.3420, 0.0001
50.4420, 0.0008
50.5421, 0.0016
50.6422, 0.0022
50.7423, 0.0027
50.8424, 0.0030
50.9425, 0.0030
51.0425, 0.0029
51.1426, 0.0025
51.2427, 0.0020
51.3428, 0.0013
51.4429, 0.0005
51.5430, -0.0002
51.6430, -0.0009
51.7431, -0.0015
51.8432, -0.0020
51.9433, -0.0024
52.0434, -0.0025
52.1435, -0.0025
52.2435, -0.0023
52.3436, -0.0020
52.4437, -0.0015
52.5438, -0.0009
52.6439, -0.0003
52.7440, 0.0004
52.8440, 0.0010
52.9441, 0.0015
53.0442, 0.0019
53.1443, 0.0021
53.2444, 0.0022
53.3445, 0.0022
53.4445, 0.0020
53.5446, 0.0018
53.6447, 0.0016
53.7448, 0.0015
53.8449, 0.0014
53.9450, 0.0014
54.0450, 0.0016
54.1451, 0.0018
54.2452, 0.0021
54.3453, 0.0024
54.4454, 0.0027
54.5455, 0.0029
54.6455, 0.0031
54.7456, 0.0033
54.8457, 0.0033
54.9458, 0.0032
55.0459, 0.0030
55.1460, 0.0027
55.2460, 0.0022
55.3461, 0.0017
55.4462, 0.0010
55.5463, 0.0003
55.6464, -0.0004
55.7465, -0.0011
55.8465, -0.0017
55.9466, -0.0021
56.0467, -0.0024
56.1468, -0.0025
56.2469, -0.0024
56.3470, -0.0022
56.4470, -0.0018
56.5471, -0.0012
56.6472, -0.0006
56.7473, -0.0000
56.8474, 0.0006
56.9475, 0.0011
57.0475, 0.0015
57.1476, 0.0019
57.2477, 0.0021
57.3478, 0.0021
57.4479, 0.0020
57.5480, 0.0018
57.6480, 0.0014
57.7481, 0.0010
57.8482, 0.0005
57.9483, 0.0002
58.0484, -0.0001
58.1485, -0.0001
58.2485, -0.0000
58.3486, 0.0003
58.4487, 0.0008
58.5488, 0.0014
58.6489, 0.0021
58.7490, 0.0027
58.8490, 0.0033
58.9491, 0.0037
59.0492, 0.0039
59.1493, 0.0039
59.2494, 0.0036
59.3495, 0.0030
59.4495, 0.0023
59.5496, 0.0014
59.6497, 0.0004
59.7498, -0.0006
59.8499, -0.0016
59.9500, -0.0024
60.0500, -0.0029
60.1501, -0.0033
60.2502, -0.0034
60.3503, -0.0033
60.4504, -0.0029
60.5505, -0.0023
60.6505, -0.0016
60.7506, -0.0008
60.8507, -0.0000
60.9508, 0.0008
61.0509, 0.0015
61.1510, 0.0022
61.2510, 0.0026
61.3511, 0.0029
61.4512, 0.0029
61.5513, 0.0027
61.6514, 0.0024
61.7515, 0.0018
61.8515, 0.0012
61.9516, 0.0005
62.0517, -0.0003
62.1518, -0.0010
62.2519, -0.0015
62.3520, -0.0020
62.4520, -0.0023
62.5521, -0.0025
62.6522, -0.0024
62.7523, -0.0022
62.8524, -0.0019
62.9525, -0.0014
63.0525, -0.0008
63.1526, -0.0002
63.2527, 0.0004
63.3528, 0.0010
63.4529, 0.0015
63.5530, 0.0018
63.6530, 0.0021
63.7531, 0.0021
63.8532, 0.0020
63.9533, 0.0018
64.0534, 0.0014
64.1535, 0.0010
64.2535, 0.0005
64.3536, -0.0000
64.4537, -0.0005
64.5538, -0.0010
64.6539, -0.0014
64.7540, -0.0016
64.8540, -0.0018
64.9541, -0.0018
65.0542, -0.0017
65.1543, -0.0015
65.2544, -0.0011
65.3545, -0.0007
65.4545, -0.0003
65.5546, 0.0002
65.6547, 0.0006
65.7548, 0.0010
65.8549, 0.0013
65.9550, 0.0015
66.0550, 0.0015
66.1551, 0.0015
66.2552, 0.0014
66.3553, 0.0011
66.4554, 0.0008
66.5555, 0.0005
66.6555, 0.0001
66.7556, -0.0003
66.8557, -0.0006
66.9558, -0.0009
67.0559, -0.0012
67.1560, -0.0013
67.2560, -0.0013
67.3561, -0.0013
67.4562, -0.0011
67.5563, -0.0009
67.6564, -0.0006
67.7565, -0.0003
67.8565, 0.0000
67.9566, 0.0003
68.0567, 0.0006
68.1568, 0.0009
68.2569, 0.0010
68.3570, 0.0011
68.4570, 0.0011
68.5571, 0.0010
68.6572, 0.0009
68.7573, 0.0007
68.8574, 0.0004
68.9575, 0.0002
69.0575, -0.0001
69.1576, -0.0004
69.2577, -0.0006
69.3578, -0.0008
69.4579, -0.0009
69.5580, -0.0010
69.6580, -0.0009
69.7581, -0.0009
69.8582, -0.0007
69.9583, -0.0005
70.0584, -0.0003
70.1585, -0.0000
70.2585, 0.0002
70.3586, 0.0004
70.4587, 0.0006
70.5588, 0.0007
70.6589, 0.0008
70.7590, 0.0008
70.8590, 0.0008
70.9591, 0.0007
71.0592, 0.0005
71.1593, 0.0004
71.2594, 0.0002
71.3595, -0.0000
71.4595, -0.0002
71.5596, -0.0004
71.6597, -0.0005
71.7598, -0.0006
71.8599, -0.0007
71.9600, -0.0007
72.0601, -0.0006
72.1601, -0.0006
72.2602, -0.0004
72.3603, -0.0003
72.4604, -0.0001
72.5605, 0.0001
72.6606, 0.0003
72.7606, 0.0004
72.8607, 0.0005
72.9608, 0.0006
73.0609, 0.0006
73.1610, 0.0006
73.2611, 0.0005
73.3611, 0.0004
73.4612, 0.0003
73.5613, 0.0002
73.6614, 0.0000
73.7615, -0.0001
73.8616, -0.0003
73.9616, -0.0004
74.0617, -0.0005
74.1618, -0.0005
74.2619, -0.0005
74.3620, -0.0005
74.4621, -0.0004
74.5621, -0.0003
74.6622, -0.0002
74.7623, -0.0001
74.8624, 0.0000
74.9625, 0.0001
75.0626, 0.0003
75.1626, 0.0003
75.2627, 0.0004
75.3628, 0.0004
75.4629, 0.0004
75.5630, 0.0004
75.6631, 0.0003
75.7631, 0.0003
75.8632, 0.0002
75.9633, 0.0000
76.0634, -0.0001
76.1635, -0.0002
76.2636, -0.0002
76.3636, -0.0003
76.4637, -0.0004
76.5638, -0.0004
76.6639, -0.0004
76.7640, -0.0003
76.8641, -0.0003
76.9641, -0.0002
77.0642, -0.0001
77.1643, -0.0000
77.2644, 0.0001
77.3645, 0.0002
77.4646, 0.0002
77.5646, 0.0003
77.6647, 0.0003
77.7648, 0.0003
77.8649, 0.0003
77.9650, 0.0003
78.0651, 0.0002
78.1651, 0.0001
78.2652, 0.0001
78.3653, -0.0000
78.4654, -0.0001
78.5655, -0.0002
78.6656, -0.0002
78.7656, -0.0003
78.8657, -0.0003
78.9658, -0.0003
79.0659, -0.0002
79.1660, -0.0002
79.2661, -0.0002
79.3661, -0.0001
79.4662, -0.0000
79.5663, 0.0000
79.6664, 0.0001
79.7665, 0.0002
79.8666, 0.0002
79.9666, 0.0002
80.0667, 0.0002
80.1668, 0.0002
80.2669, 0.0002
80.3670, 0.0002
80.4671, 0.0001
80.5671, 0.0001
80.6672, 0.0000
80.7673, -0.0001
80.8674, -0.0001
80.9675, -0.0001
81.0676, -0.0002
81.1676, -0.0002
81.2677, -0.0002
81.3678, -0.0002
81.4679, -0.0002
81.5680, -0.0001
81.6681, -0.0001
81.7681, -0.0000
81.8682, 0.0000
81.9683, 0.0001
82.0684, 0.0001
82.1685, 0.0001
82.2686, 0.0002
82.3686, 0.0002
82.4687, 0.0002
82.5688, 0.0002
82.6689, 0.0001
82.7690, 0.0001
82.8691, 0.0001
82.9691, 0.0000
83.0692, -0.0000
83.1693, -0.0001
83.2694, -0.0001
83.3695, -0.0001
83.4696, -0.0001
83.5696, -0.0001
83.6697, -0.0001
83.7698, -0.0001
83.8699, -0.0001
83.9700, -0.0001
84.0701, -0.0000
84.1701, 0.0000
84.2702, 0.0000
84.3703, 0.0001
84.4704, 0.0001
84.5705, 0.0001
84.6706, 0.0001
84.7706, 0.0001
84.8707, 0.0001
84.9708, 0.0001
85.0709, 0.0001
85.1710, 0.0000
85.2711, 0.0000
85.3711, -0.0000
85.4712, -0.0000
85.5713, -0.0001
85.6714, -0.0001
85.7715, -0.0001
85.8716, -0.0001
85.9716, -0.0001
86.0717, -0.0001
86.1718, -0.0001
86.2719, -0.0001
86.3720, -0.0000
86.4721, -0.0000
86.5721, 0.0000
86.6722, 0.0000
86.7723, 0.0001
86.8724, 0.0001
86.9725, 0.0001
87.0726, 0.0001
87.1726, 0.0001
87.2727, 0.0001
87.3728, 0.0001
87.4729, 0.0000
87.5730, 0.0000
87.6731, -0.0000
87.7731, -0.0000
87.8732, -0.0000
87.9733, -0.0001
88.0734, -0.0001
88.1735, -0.0001
88.2736, -0.0001
88.3736, -0.0001
88.4737, -0.0001
88.5738, -0.0000
88.6739, -0.0000
88.7740, -0.0000
88.8741, 0.0000
88.9741, 0.0000
89.0742, 0.0000
89.1743, 0.0001
89.2744, 0.0001
89.3745, 0.0001
89.4746, 0.0001
89.5746, 0.0001
89.6747, 0.0000
89.7748, 0.0000
89.8749, 0.0000
89.9750, 0.0000
90.0751, -0.0000
90.1751, -0.0000
90.2752, -0.0000
90.3753, -0.0000
90.4754, -0.0001
90.5755, -0.0001
90.6756, -0.0001
90.7756, -0.0000
90.8757, -0.0000
90.9758, -0.0000
91.0759, -0.0000
91.1760, 0.0000
91.2761, 0.0000
91.3761, 0.0000
91.4762, 0.0000
91.5763, 0.0000
91.6764, 0.0000
91.7765, 0.0000
91.8766, 0.0000
91.9766, 0.0000
92.0767, 0.0000
92.1768, 0.0000
92.2769, 0.0000
92.3770, -0.0000
92.4771, -0.0000
92.5771, -0.0000
92.6772, -0.0000
92.7773, -0.0000
92.8774, -0.0000
92.9775, -0.0000
93.0776, -0.0000
93.1776, -0.0000
93.2777, -0.0000
93.3778, -0.0000
93.4779, -0.0000
93.5780, 0.0000
93.6781, 0.0000
93.7781, 0.0000
93.8782, 0.0000
93.9783, 0.0000
94.0784, 0.0000
94.1785, 0.0000
94.2786, 0.0000
94.3786, 0.0000
94.4787, 0.0000
94.5788, 0.0000
94.6789, -0.0000
94.7790, -0.0000
94.8791, -0.0000
94.9791, -0.0000
95.0792, -0.0000
95.1793, -0.0000
95.2794, -0.0000
95.3795, -0.0000
95.4796, -0.0000
95.5796, -0.0000
95.6797, -0.0000
95.7798, -0.0000
95.8799, 0.0000
95.9800, 0.0000
96.0801, 0.0000
96.1802, 0.0000
96.2802, 0.0000
96.3803, 0.0000
96.4804, 0.0000
96.5805, 0.0000
96.6806, 0.0000
96.7807, 0.0000
96.8807, 0.0000
96.9808, 0.0000
97.0809, -0.0000
97.1810, -0.0000
97.2811, -0.0000
97.3812, -0.0000
97.4812, -0.0000
97.5813, -0.0000
97.6814, -0.0000
97.7815, -0.0000
97.8816, -0.0000
97.9817, -0.0000
98.0817, -0.0000
98.1818, 0.0000
98.2819, 0.0000
98.3820, 0.0000
98.4821, 0.0000
98.5822, 0.0000
98.6822, 0.0000
98.7823, 0.0000
98.8824, 0.0000
98.9825, 0.0000
99.0826, 0.0000
99.1827, 0.0000
99.2827, 0.0000
99.3828, -0.0000
99.4829, -0.0000
99.5830, -0.0000
99.6831, -0.0000
99.7832, -0.0000
99.8832, -0.0000
99.9833, -0.0000
100.0834, -0.0000
100.1835, -0.0000
100.2836, -0.0000
100.3837, -0.0000
100.4837, 0.0000
100.5838, 0.0000
100.6839, 0.0000
100.7840, 0.0000
100.8841, 0.0000
100.9842, 0.0000
101.0842, 0.0000
101.1843, 0.0000
101.2844, 0.0000
101.3845, 0.0000
101.4846, 0.0000
101.5847, 0.0000
101.6847, -0.0000
101.7848, -0.0000
101.8849, -0.0000
101.9850, -0.0000
102.0851, -0.0000
102.1852, -0.0000
102.2852, -0.0000
102.3853, -0.0000
102.4854, -0.0000
102.5855, -0.0000
102.6856, -0.0000
102.7857, -0.0000
102.8857, 0.0000
102.9858, 0.0000
103.0859, 0.0000
103.1860, 0.0000
103.2861, 0.0000
103.3862, 0.0000
103.4862, 0.0000
103.5863, 0.0000
103.6864, 0.0000
103.7865, 0.0000
103.8866, 0.0000
103.9867, -0.0000
104.0867, -0.0000
104.1868, -0.0000
104.2869, -0.0000
104.3870, -0.0000
104.4871, -0.0000
104.5872, -0.0000
104.6872, -0.0000
104.7873, -0.0000
104.8874, -0.0000
104.9875, -0.0000
105.0876, -0.0000
105.1877, 0.0000
105.2877, 0.0000
105.3878, 0.0000
105.4879, 0.0000
105.5880, 0.0000
105.6881, 0.0000
105.7882, 0.0000
105.8882, 0.0000
105.9883, 0.0000
106.0884, 0.0000
106.1885, 0.0000
106.2886, 0.0000
106.3887, -0.0000
106.4887, -0.0000
106.5888, -0.0000
106.6889, -0.0000
106.7890, -0.0000
106.8891, -0.0000
106.9892, -0.0000
107.0892, -0.0000
107.1893, -0.0000
107.2894, -0.0000
107.3895, -0.0000
107.4896, 0.0000
107.5897, 0.0000
107.6897, 0.0000
107.7898, 0.0000
107.8899, 0.0000
107.9900, 0.0000
108.0901, 0.0000
108.1902, 0.0000
108.2902, 0.0000
108.3903, 0.0000
108.4904, 0.0000
108.5905, 0.0000
108.6906, -0.0000
108.7907, -0.0000
108.8907, -0.0000
108.9908, -0.0000
109.0909, -0.0000
109.1910, -0.0000
109.2911, -0.0000
109.3912, -0.0000
109.4912, -0.0000
109.5913, -0.0000
109.6914, -0.0000
109.7915, -0.0000
109.8916, 0.0000
109.9917, 0.0000
110.0917, 0.0000
110.1918, 0.0000
110.2919, 0.0000
110.3920, 0.0000
110.4921, 0.0000
110.5922, 0.0000
110.6922, 0.0000
110.7923, 0.0000
110.8924, 0.0000
110.9925, -0.0000
111.0926, -0.0000
111.1927, -0.0000
111.2927, -0.0000
111.3928, -0.0000
111.4929, -0.0000
111.5930, -0.0000
111.6931, -0.0000
111.7932, -0.0000
111.8932, -0.0000
111.9933, -0.0000
112.0934, -0.0000
112.1935, 0.0000
112.2936, 0.0000
112.3937, 0.0000
112.4937, 0.0000
112.5938, 0.0000
112.6939, 0.0000
112.7940, 0.0000
112.8941, 0.0000
112.9942, 0.0000
113.0942, 0.0000
113.1943, 0.0000
113.2944, 0.0000
113.3945, -0.0000
113.4946, -0.0000
113.5947, -0.0000
113.6947, -0.0000
113.7948, -0.0000
113.8949, -0.0000
113.9950, -0.0000
114.0951, -0.0000
114.1952, -0.0000
114.2952, -0.0000
114.3953, -0.0000
114.4954, 0.0000
114.5955, 0.0000
114.6956, 0.0000
114.7957, 0.0000
114.8957, 0.0000
114.9958, 0.0000
115.0959, 0.0000
115.1960, 0.0000
115.2961, 0.0000
115.3962, 0.0000
115.4962, 0.0000
115.5963, 0.0000
115.6964, -0.0000
115.7965, -0.0000
115.8966, -0.0000
115.9967, -0.0000
116.0967, -0.0000
116.1968, -0.0000
116.2969, -0.0000
116.3970, -0.0000
116.4971, -0.0000
116.5972, -0.0000
116.6972, -0.0000
116.7973, -0.0000
116.8974, 0.0000
116.9975, 0.0000
117.0976, 0.0000
117.1977, 0.0000
117.2977, 0.0000
117.3978, 0.0000
117.4979, 0.0000
117.5980, 0.0000
117.6981, 0.0000
117.7982, 0.0000
117.8982, 0.0000
117.9983, -0.0000
118.0984, -0.0000
118.1985, -0.0000
118.2986, -0.0000
118.3987, -0.0000
118.4987, -0.0000
118.5988, -0.0000
118.6989, -0.0000
118.7990, -0.0000
118.8991, -0.0000
118.9992, -0.0000
119.0992, -0.0000
119.1993, 0.0000
119.2994, 0.0000
119.3995, 0.0000
119.4996, 0.0000
119.5997, 0.0000
119.6997, 0.0000
119.7998, 0.0000
119.8999, 0.0000
120.0000, 0.0000
