0.0000, 0.0000
0.1001, 0.0000
0.2001, 0.0000
0.3002, 0.0000
0.4002, 0.0000
0.5003, 0.0000
0.6003, 0.0000
0.7004, 0.0001
0.8004, 0.0001
0.9005, 0.0002
1.0005, 0.0002
1.1006, 0.0003
1.2006, 0.0004
1.3007, 0.0005
1.4007, 0.0006
1.5008, 0.0007
1.6008, 0.0008
1.7009, 0.0008
1.8009, 0.0009
1.9010, 0.0010
2.0010, 0.0011
2.1011, 0.0012
2.2011, 0.0012
2.3012, 0.0013
2.4012, 0.0013
2.5013, 0.0014
2.6013, 0.0014
2.7014, 0.0014
2.8014, 0.0014
2.9015, 0.0014
3.0015, 0.0013
3.1016, 0.0013
3.2016, 0.0012
3.3017, 0.0012
3.4017, 0.0012
3.5018, 0.0012
3.6018, 0.0013
3.7019, 0.0014
3.8019, 0.0017
3.9020, 0.0019
4.0020, 0.0023
4.1021, 0.0027
4.2021, 0.0032
4.3022, 0.0038
4.4022, 0.0044
4.5023, 0.0051
4.6023, 0.0058
4.7024, 0.0066
4.8024, 0.0073
4.9025, 0.0081
5.0025, 0.0088
5.1026, 0.0095
5.2026, 0.0102
5.3027, 0.0108
5.4027, 0.0113
5.5028, 0.0117
5.6028, 0.0121
5.7029, 0.0123
5.8029, 0.0125
5.9030, 0.0125
6.0030, 0.0123
6.1031, 0.0121
6.2031, 0.0117
6.3032, 0.0112
6.4032, 0.0105
6.5033, 0.0098
6.6033, 0.0089
6.7034, 0.0080
6.8034, 0.0070
6.9035, 0.0059
7.0035, 0.0049
7.1036, 0.0039
7.2036, 0.0029
7.3037, 0.0020
7.4037, 0.0012
7.5038, 0.0005
7.6038, -0.0001
7.7039, -0.0005
7.8039, -0.0008
7.9040, -0.0009
8.0040, -0.0009
8.1041, -0.0008
8.2041, -0.0006
8.3042, -0.0003
8.4042, 0.0001
8.5043, 0.0006
8.6043, 0.0010
8.7044, 0.0015
8.8044, 0.0021
8.9045, 0.0025
9.0045, 0.0030
9.1046, 0.0034
9.2046, 0.0038
9.3047, 0.0040
9.4047, 0.0042
9.5048, 0.0043
9.6048, 0.0043
9.7049, 0.0041
9.8049, 0.0039
9.9050, 0.0036
10.0050, 0.0032
10.1051, 0.0027
10.2051, 0.0022
10.3052, 0.0017
10.4052, 0.0011
10.5053, 0.0005
10.6053, -0.0001
10.7054, -0.0006
10.8054, -0.0011
10.9055, -0.0016
11.0055, -0.0020
11.1056, -0.0023
11.2056, -0.0025
11.3057, -0.0027
11.4057, -0.0027
11.5058, -0.0027
11.6058, -0.0027
11.7059, -0.0025
11.8059, -0.0023
11.9060, -0.0020
12.0060, -0.0016
12.1061, -0.0012
12.2061, -0.0008
12.3062, -0.0003
12.4062, 0.0003
12.5063, 0.0009
12.6063, 0.0015
12.7064, 0.0022
12.8064, 0.0029
12.9065, 0.0036
13.0065, 0.0044
13.1066, 0.0052
13.2066, 0.0061
13.3067, 0.0070
13.4067, 0.0079
13.5068, 0.0088
13.6068, 0.0098
13.7069, 0.0107
13.8069, 0.0117
13.9070, 0.0126
14.0070, 0.0134
14.1071, 0.0143
14.2071, 0.0150
14.3072, 0.0157
14.4072, 0.0164
14.5073, 0.0169
14.6073, 0.0173
14.7074, 0.0176
14.8074, 0.0178
14.9075, 0.0178
15.0075, 0.0176
15.1076, 0.0173
15.2076, 0.0169
15.3077, 0.0162
15.4077, 0.0154
15.5078, 0.0145
15.6078, 0.0133
15.7079, 0.0121
15.8079, 0.0107
15.9080, 0.0092
16.0080, 0.0077
16.1081, 0.0060
16.2081, 0.0043
16.3082, 0.0026
16.4082, 0.0009
16.5083, -0.0008
16.6083, -0.0024
16.7084, -0.0040
16.8084, -0.0055
16.9085, -0.0068
17.0085, -0.0081
17.1086, -0.0092
17.2086, -0.0102
17.3087, -0.0110
17.4087, -0.0116
17.5088, -0.0121
17.6088, -0.0124
17.7089, -0.0125
17.8089, -0.0125
17.9090, -0.0124
18.0090, -0.0121
18.1091, -0.0118
18.2091, -0.0113
18.3092, -0.0108
18.4092, -0.0102
18.5093, -0.0096
18.6093, -0.0089
18.7094, -0.0081
18.8094, -0.0073
18.9095, -0.0065
19.0095, -0.0055
19.1096, -0.0046
19.2096, -0.0036
19.3097, -0.0025
19.4097, -0.0014
19.5098, -0.0002
19.6098, 0.0010
19.7099, 0.0021
19.8099, 0.0033
19.9100, 0.0045
20.0100, 0.0057
20.1101, 0.0069
20.2101, 0.0081
20.3102, 0.0092
20.4102, 0.0103
20.5103, 0.0114
20.6103, 0.0124
20.7104, 0.0133
20.8104, 0.0141
20.9105, 0.0149
21.0105, 0.0155
21.1106, 0.0160
21.2106, 0.0164
21.3107, 0.0166
21.4107, 0.0167
21.5108, 0.0167
21.6108, 0.0164
21.7109, 0.0161
21.8109, 0.0155
21.9110, 0.0149
22.0110, 0.0141
22.1111, 0.0131
22.2111, 0.0121
22.3112, 0.0110
22.4112, 0.0097
22.5113, 0.0084
22.6113, 0.0071
22.7114, 0.0057
22.8114, 0.0043
22.9115, 0.0029
23.0115, 0.0015
23.1116, 0.0001
23.2116, -0.0012
23.3117, -0.0024
23.4117, -0.0036
23.5118, -0.0047
23.6118, -0.0057
23.7119, -0.0066
23.8119, -0.0074
23.9120, -0.0081
24.0120, -0.0087
24.1121, -0.0092
24.2121, -0.0095
24.3122, -0.0097
24.4122, -0.0098
24.5123, -0.0098
24.6123, -0.0096
24.7124, -0.0094
24.8124, -0.0090
24.9125, -0.0085
25.0125, -0.0080
25.1126, -0.0074
25.2126, -0.0067
25.3127, -0.0059
25.4127, -0.0051
25.5128, -0.0043
25.6128, -0.0034
25.7129, -0.0025
25.8129, -0.0016
25.9130, -0.0007
26.0130, 0.0002
26.1131, 0.0012
26.2131, 0.0021
26.3132, 0.0030
26.4132, 0.0038
26.5133, 0.0046
26.6133, 0.0054
26.7134, 0.0061
26.8134, 0.0068
26.9135, 0.0074
27.0135, 0.0080
27.1136, 0.0085
27.2136, 0.0089
27.3137, 0.0092
27.4137, 0.0094
27.5138, 0.0096
27.6138, 0.0097
27.7139, 0.0097
27.8139, 0.0097
27.9140, 0.0096
28.0140, 0.0094
28.1141, 0.0091
28.2141, 0.0089
28.3142, 0.0085
28.4142, 0.0082
28.5143, 0.0078
28.6143, 0.0074
28.7144, 0.0069
28.8144, 0.0065
28.9145, 0.0061
29.0145, 0.0056
29.1146, 0.0052
29.2146, 0.0047
29.3147, 0.0043
29.4147, 0.0039
29.5148, 0.0035
29.6148, 0.0031
29.7149, 0.0027
29.8149, 0.0024
29.9150, 0.0020
30.0150, 0.0017
30.1151, 0.0014
30.2151, 0.0012
30.3152, 0.0009
30.4152, 0.0007
30.5153, 0.0005
30.6153, 0.0003
30.7154, 0.0002
30.8154, 0.0001
30.9155, -0.0000
31.0155, -0.0001
31.1156, -0.0002
31.2156, -0.0002
31.3157, -0.0002
31.4157, -0.0002
31.5158, -0.0002
31.6158, -0.0002
31.7159, -0.0002
31.8159, -0.0002
31.9160, -0.0001
32.0160, -0.0001
32.1161, -0.0000
32.2161, -0.0000
32.3162, 0.0000
32.4162, 0.0001
32.5163, 0.0001
32.6163, 0.0002
32.7164, 0.0002
32.8164, 0.0002
32.9165, 0.0003
33.0165, 0.0003
33.1166, 0.0003
33.2166, 0.0003
33.3167, 0.0003
33.4167, 0.0003
33.5168, 0.0003
33.6168, 0.0004
33.7169, 0.0005
33.8169, 0.0006
33.9170, 0.0009
34.0170, 0.0013
34.1171, 0.0018
34.2171, 0.0024
34.3172, 0.0032
34.4172, 0.0040
34.5173, 0.0051
34.6173, 0.0062
34.7174, 0.0075
34.8174, 0.0088
34.9175, 0.0102
35.0175, 0.0117
35.1176, 0.0132
35.2176, 0.0147
35.3177, 0.0161
35.4177, 0.0175
35.5178, 0.0188
35.6178, 0.0200
35.7179, 0.0210
35.8179, 0.0219
35.9180, 0.0227
36.0180, 0.0232
36.1181, 0.0236
36.2181, 0.0237
36.3182, 0.0235
36.4182, 0.0232
36.5183, 0.0226
36.6183, 0.0217
36.7184, 0.0207
36.8184, 0.0194
36.9185, 0.0179
37.0185, 0.0163
37.1186, 0.0145
37.2186, 0.0126
37.3187, 0.0106
37.4187, 0.0085
37.5188, 0.0064
37.6188, 0.0043
37.7189, 0.0022
37.8189, 0.0003
37.9190, -0.0016
38.0190, -0.0033
38.1191, -0.0048
38.2191, -0.0062
38.3192, -0.0074
38.4192, -0.0084
38.5193, -0.0092
38.6193, -0.0098
38.7194, -0.0102
38.8194, -0.0105
38.9195, -0.0106
39.0195, -0.0105
39.1196, -0.0103
39.2196, -0.0100
39.3197, -0.0096
39.4197, -0.0092
39.5198, -0.0086
39.6198, -0.0081
39.7199, -0.0075
39.8199, -0.0070
39.9200, -0.0064
40.0200, -0.0058
40.1201, -0.0053
40.2201, -0.0048
40.3202, -0.0043
40.4202, -0.0038
40.5203, -0.0034
40.6203, -0.0029
40.7204, -0.0025
40.8204, -0.0020
40.9205, -0.0016
41.0205, -0.0011
41.1206, -0.0006
41.2206, -0.0000
41.3207, 0.0005
41.4207, 0.0011
41.5208, 0.0018
41.6208, 0.0024
41.7209, 0.0031
41.8209, 0.0038
41.9210, 0.0045
42.0210, 0.0053
42.1211, 0.0060
42.2211, 0.0067
42.3212, 0.0073
42.4212, 0.0079
42.5213, 0.0085
42.6213, 0.0089
42.7214, 0.0093
42.8214, 0.0096
42.9215, 0.0098
43.0215, 0.0099
43.1216, 0.0100
43.2216, 0.0100
43.3217, 0.0100
43.4217, 0.0100
43.5218, 0.0100
43.6218, 0.0100
43.7219, 0.0101
43.8219, 0.0102
43.9220, 0.0103
44.0220, 0.0106
44.1221, 0.0109
44.2221, 0.0113
44.3222, 0.0118
44.4222, 0.0123
44.5223, 0.0129
44.6223, 0.0136
44.7224, 0.0143
44.8224, 0.0150
44.9225, 0.0157
45.0225, 0.0164
45.1226, 0.0170
45.2226, 0.0175
45.3227, 0.0180
45.4227, 0.0183
45.5228, 0.0185
45.6228, 0.0185
45.7229, 0.0183
45.8229, 0.0180
45.9230, 0.0174
46.0230, 0.0166
46.1231, 0.0157
46.2231, 0.0145
46.3232, 0.0131
46.4232, 0.0116
46.5233, 0.0099
46.6233, 0.0081
46.7234, 0.0062
46.8234, 0.0042
46.9235, 0.0022
47.0235, 0.0002
47.1236, -0.0018
47.2236, -0.0036
47.3237, -0.0053
47.4237, -0.0068
47.5238, -0.0081
47.6238, -0.0092
47.7239, -0.0101
47.8239, -0.0107
47.9240, -0.0111
48.0240, -0.0112
48.1241, -0.0111
48.2241, -0.0107
48.3242, -0.0101
48.4242, -0.0093
48.5243, -0.0084
48.6243, -0.0073
48.7244, -0.0061
48.8244, -0.0048
48.9245, -0.0036
49.0245, -0.0023
49.1246, -0.0010
49.2246, 0.0002
49.3247, 0.0014
49.4247, 0.0024
49.5248, 0.0033
49.6248, 0.0042
49.7249, 0.0049
49.8249, 0.0055
49.9250, 0.0061
50.0250, 0.0065
50.1251, 0.0069
50.2251, 0.0072
50.3252, 0.0074
50.4252, 0.0076
50.5253, 0.0078
50.6253, 0.0080
50.7254, 0.0082
50.8254, 0.0085
50.9255, 0.0087
51.0255, 0.0089
51.1256, 0.0092
51.2256, 0.0095
51.3257, 0.0098
51.4257, 0.0101
51.5258, 0.0104
51.6258, 0.0107
51.7259, 0.0110
51.8259, 0.0112
51.9260, 0.0113
52.0260, 0.0114
52.1261, 0.0114
52.2261, 0.0113
52.3262, 0.0110
52.4262, 0.0106
52.5263, 0.0101
52.6263, 0.0094
52.7264, 0.0086
52.8264, 0.0077
52.9265, 0.0067
53.0265, 0.0055
53.1266, 0.0043
53.2266, 0.0029
53.3267, 0.0016
53.4267, 0.0002
53.5268, -0.0010
53.6268, -0.0022
53.7269, -0.0032
53.8269, -0.0041
53.9270, -0.0047
54.0270, -0.0051
54.1271, -0.0052
54.2271, -0.0050
54.3272, -0.0045
54.4272, -0.0038
54.5273, -0.0027
54.6273, -0.0014
54.7274, 0.0002
54.8274, 0.0019
54.9275, 0.0039
55.0275, 0.0060
55.1276, 0.0083
55.2276, 0.0106
55.3277, 0.0129
55.4277, 0.0152
55.5278, 0.0173
55.6278, 0.0194
55.7279, 0.0212
55.8279, 0.0228
55.9280, 0.0242
56.0280, 0.0254
56.1281, 0.0262
56.2281, 0.0267
56.3282, 0.0270
56.4282, 0.0269
56.5283, 0.0265
56.6283, 0.0258
56.7284, 0.0249
56.8284, 0.0237
56.9285, 0.0222
57.0285, 0.0206
57.1286, 0.0188
57.2286, 0.0169
57.3287, 0.0149
57.4287, 0.0129
57.5288, 0.0108
57.6288, 0.0088
57.7289, 0.0068
57.8289, 0.0050
57.9290, 0.0032
58.0290, 0.0017
58.1291, 0.0003
58.2291, -0.0008
58.3292, -0.0017
58.4292, -0.0023
58.5293, -0.0027
58.6293, -0.0029
58.7294, -0.0028
58.8294, -0.0026
58.9295, -0.0023
59.0295, -0.0018
59.1296, -0.0012
59.2296, -0.0006
59.3297, 0.0000
59.4297, 0.0006
59.5298, 0.0012
59.6298, 0.0018
59.7299, 0.0023
59.8299, 0.0027
59.9300, 0.0031
60.0300, 0.0034
60.1301, 0.0036
60.2301, 0.0037
60.3302, 0.0037
60.4302, 0.0037
60.5303, 0.0035
60.6303, 0.0033
60.7304, 0.0031
60.8304, 0.0028
60.9305, 0.0025
61.0305, 0.0021
61.1306, 0.0018
61.2306, 0.0015
61.3307, 0.0012
61.4307, 0.0009
61.5308, 0.0007
61.6308, 0.0005
61.7309, 0.0003
61.8309, 0.0003
61.9310, 0.0002
62.0310, 0.0002
62.1311, 0.0003
62.2311, 0.0003
62.3312, 0.0004
62.4312, 0.0006
62.5313, 0.0007
62.6313, 0.0008
62.7314, 0.0009
62.8314, 0.0009
62.9315, 0.0010
63.0315, 0.0010
63.1316, 0.0009
63.2316, 0.0008
63.3317, 0.0007
63.4317, 0.0005
63.5318, 0.0002
63.6318, -0.0001
63.7319, -0.0004
63.8319, -0.0007
63.9320, -0.0011
64.0320, -0.0014
64.1321, -0.0018
64.2321, -0.0021
64.3322, -0.0024
64.4322, -0.0026
64.5323, -0.0029
64.6323, -0.0030
64.7324, -0.0031
64.8324, -0.0032
64.9325, -0.0032
65.0325, -0.0031
65.1326, -0.0030
65.2326, -0.0028
65.3327, -0.0025
65.4327, -0.0023
65.5328, -0.0020
65.6328, -0.0016
65.7329, -0.0013
65.8329, -0.0010
65.9330, -0.0006
66.0330, -0.0003
66.1331, 0.0000
66.2331, 0.0003
66.3332, 0.0005
66.4332, 0.0007
66.5333, 0.0009
66.6333, 0.0010
66.7334, 0.0011
66.8334, 0.0011
66.9335, 0.0012
67.0335, 0.0011
67.1336, 0.0011
67.2336, 0.0011
67.3337, 0.0010
67.4337, 0.0009
67.5338, 0.0009
67.6338, 0.0008
67.7339, 0.0008
67.8339, 0.0008
67.9340, 0.0008
68.0340, 0.0008
68.1341, 0.0008
68.2341, 0.0009
68.3342, 0.0010
68.4342, 0.0011
68.5343, 0.0012
68.6343, 0.0013
68.7344, 0.0014
68.8344, 0.0015
68.9345, 0.0016
69.0345, 0.0017
69.1346, 0.0017
69.2346, 0.0018
69.3347, 0.0018
69.4347, 0.0018
69.5348, 0.0017
69.6348, 0.0016
69.7349, 0.0015
69.8349, 0.0013
69.9350, 0.0011
70.0350, 0.0009
70.1351, 0.0007
70.2351, 0.0004
70.3352, 0.0002
70.4352, -0.0001
70.5353, -0.0004
70.6353, -0.0006
70.7354, -0.0009
70.8354, -0.0011
70.9355, -0.0013
71.0355, -0.0015
71.1356, -0.0016
71.2356, -0.0017
71.3357, -0.0018
71.4357, -0.0018
71.5358, -0.0019
71.6358, -0.0018
71.7359, -0.0018
71.8359, -0.0017
71.9360, -0.0016
72.0360, -0.0015
72.1361, -0.0014
72.2361, -0.0013
72.3362, -0.0012
72.4362, -0.0010
72.5363, -0.0009
72.6363, -0.0008
72.7364, -0.0007
72.8364, -0.0006
72.9365, -0.0006
73.0365, -0.0005
73.1366, -0.0005
73.2366, -0.0004
73.3367, -0.0004
73.4367, -0.0004
73.5368, -0.0004
73.6368, -0.0004
73.7369, -0.0004
73.8369, -0.0003
73.9370, -0.0003
74.0370, -0.0003
74.1371, -0.0002
74.2371, -0.0001
74.3372, -0.0001
74.4372, 0.0000
74.5373, 0.0002
74.6373, 0.0003
74.7374, 0.0004
74.8374, 0.0005
74.9375, 0.0007
75.0375, 0.0008
75.1376, 0.0010
75.2376, 0.0011
75.3377, 0.0012
75.4377, 0.0014
75.5378, 0.0015
75.6378, 0.0015
75.7379, 0.0016
75.8379, 0.0016
75.9380, 0.0016
76.0380, 0.0016
76.1381, 0.0016
76.2381, 0.0015
76.3382, 0.0014
76.4382, 0.0013
76.5383, 0.0012
76.6383, 0.0011
76.7384, 0.0009
76.8384, 0.0008
76.9385, 0.0006
77.0385, 0.0005
77.1386, 0.0003
77.2386, 0.0002
77.3387, 0.0000
77.4387, -0.0001
77.5388, -0.0002
77.6388, -0.0003
77.7389, -0.0004
77.8389, -0.0005
77.9390, -0.0005
78.0390, -0.0006
78.1391, -0.0006
78.2391, -0.0006
78.3392, -0.0007
78.4392, -0.0007
78.5393, -0.0007
78.6393, -0.0007
78.7394, -0.0007
78.8394, -0.0007
78.9395, -0.0007
79.0395, -0.0007
79.1396, -0.0008
79.2396, -0.0008
79.3397, -0.0008
79.4397, -0.0008
79.5398, -0.0008
79.6398, -0.0009
79.7399, -0.0009
79.8399, -0.0009
79.9400, -0.0009
80.0400, -0.0010
80.1401, -0.0010
80.2401, -0.0010
80.3402, -0.0009
80.4402, -0.0009
80.5403, -0.0009
80.6403, -0.0008
80.7404, -0.0008
80.8404, -0.0007
80.9405, -0.0006
81.0405, -0.0005
81.1406, -0.0004
81.2406, -0.0003
81.3407, -0.0001
81.4407, -0.0000
81.5408, 0.0001
81.6408, 0.0003
81.7409, 0.0004
81.8409, 0.0005
81.9410, 0.0006
82.0410, 0.0007
82.1411, 0.0008
82.2411, 0.0009
82.3412, 0.0009
82.4412, 0.0010
82.5413, 0.0010
82.6413, 0.0010
82.7414, 0.0010
82.8414, 0.0010
82.9415, 0.0010
83.0415, 0.0010
83.1416, 0.0009
83.2416, 0.0009
83.3417, 0.0009
83.4417, 0.0008
83.5418, 0.0007
83.6418, 0.0007
83.7419, 0.0006
83.8419, 0.0006
83.9420, 0.0005
84.0420, 0.0005
84.1421, 0.0004
84.2421, 0.0004
84.3422, 0.0004
84.4422, 0.0003
84.5423, 0.0003
84.6423, 0.0002
84.7424, 0.0002
84.8424, 0.0002
84.9425, 0.0001
85.0425, 0.0001
85.1426, 0.0000
85.2426, -0.0000
85.3427, -0.0001
85.4427, -0.0001
85.5428, -0.0002
85.6428, -0.0003
85.7429, -0.0003
85.8429, -0.0004
85.9430, -0.0005
86.0430, -0.0005
86.1431, -0.0006
86.2431, -0.0007
86.3432, -0.0007
86.4432, -0.0008
86.5433, -0.0008
86.6433, -0.0008
86.7434, -0.0009
86.8434, -0.0009
86.9435, -0.0009
87.0435, -0.0009
87.1436, -0.0009
87.2436, -0.0009
87.3437, -0.0008
87.4437, -0.0008
87.5438, -0.0007
87.6438, -0.0007
87.7439, -0.0006
87.8439, -0.0005
87.9440, -0.0005
88.0440, -0.0004
88.1441, -0.0003
88.2441, -0.0002
88.3442, -0.0002
88.4442, -0.0001
88.5443, -0.0000
88.6443, 0.0001
88.7444, 0.0001
88.8444, 0.0002
88.9445, 0.0002
89.0445, 0.0003
89.1446, 0.0003
89.2446, 0.0004
89.3447, 0.0004
89.4447, 0.0004
89.5448, 0.0004
89.6448, 0.0005
89.7449, 0.0005
89.8449, 0.0005
89.9450, 0.0005
90.0450, 0.0005
90.1451, 0.0005
90.2451, 0.0006
90.3452, 0.0006
90.4452, 0.0006
90.5453, 0.0006
90.6453, 0.0006
90.7454, 0.0006
90.8454, 0.0006
90.9455, 0.0006
91.0455, 0.0006
91.1456, 0.0006
91.2456, 0.0006
91.3457, 0.0005
91.4457, 0.0005
91.5458, 0.0005
91.6458, 0.0005
91.7459, 0.0004
91.8459, 0.0004
91.9460, 0.0003
92.0460, 0.0003
92.1461, 0.0002
92.2461, 0.0002
92.3462, 0.0001
92.4462, 0.0000
92.5463, -0.0000
92.6463, -0.0001
92.7464, -0.0002
92.8464, -0.0002
92.9465, -0.0003
93.0465, -0.0004
93.1466, -0.0004
93.2466, -0.0005
93.3467, -0.0005
93.4467, -0.0005
93.5468, -0.0006
93.6468, -0.0006
93.7469, -0.0006
93.8469, -0.0006
93.9470, -0.0006
94.0470, -0.0006
94.1471, -0.0006
94.2471, -0.0006
94.3472, -0.0006
94.4472, -0.0005
94.5473, -0.0005
94.6473, -0.0005
94.7474, -0.0005
94.8474, -0.0004
94.9475, -0.0004
95.0475, -0.0004
95.1476, -0.0003
95.2476, -0.0003
95.3477, -0.0003
95.4477, -0.0002
95.5478, -0.0002
95.6478, -0.0002
95.7479, -0.0001
95.8479, -0.0001
95.9480, -0.0001
96.0480, -0.0000
96.1481, -0.0000
96.2481, 0.0000
96.3482, 0.0001
96.4482, 0.0001
96.5483, 0.0001
96.6483, 0.0002
96.7484, 0.0002
96.8484, 0.0003
96.9485, 0.0003
97.0485, 0.0003
97.1486, 0.0004
97.2486, 0.0004
97.3487, 0.0004
97.4487, 0.0005
97.5488, 0.0005
97.6488, 0.0005
97.7489, 0.0005
97.8489, 0.0005
97.9490, 0.0005
98.0490, 0.0005
98.1491, 0.0005
98.2491, 0.0005
98.3492, 0.0005
98.4492, 0.0005
98.5493, 0.0005
98.6493, 0.0004
98.7494, 0.0004
98.8494, 0.0004
98.9495, 0.0003
99.0495, 0.0003
99.1496, 0.0002
99.2496, 0.0002
99.3497, 0.0001
99.4497, 0.0001
99.5498, 0.0001
99.6498, 0.0000
99.7499, -0.0000
99.8499, -0.0001
99.9500, -0.0001
100.0500, -0.0001
100.1501, -0.0002
100.2501, -0.0002
100.3502, -0.0002
100.4502, -0.0002
100.5503, -0.0003
100.6503, -0.0003
100.7504, -0.0003
100.8504, -0.0003
100.9505, -0.0003
101.0505, -0.0004
101.1506, -0.0004
101.2506, -0.0004
101.3507, -0.0004
101.4507, -0.0004
101.5508, -0.0004
101.6508, -0.0004
101.7509, -0.0004
101.8509, -0.0004
101.9510, -0.0004
102.0510, -0.0004
102.1511, -0.0004
102.2511, -0.0004
102.3512, -0.0003
102.4512, -0.0003
102.5513, -0.0003
102.6513, -0.0003
102.7514, -0.0003
102.8514, -0.0002
102.9515, -0.0002
103.0515, -0.0002
103.1516, -0.0001
103.2516, -0.0001
103.3517, -0.0001
103.4517, -0.0000
103.5518, 0.0000
103.6518, 0.0000
103.7519, 0.0001
103.8519, 0.0001
103.9520, 0.0002
104.0520, 0.0002
104.1521, 0.0002
104.2521, 0.0002
104.3522, 0.0003
104.4522, 0.0003
104.5523, 0.0003
104.6523, 0.0003
104.7524, 0.0003
104.8524, 0.0004
104.9525, 0.0004
105.0525, 0.0004
105.1526, 0.0004
105.2526, 0.0004
105.3527, 0.0004
105.4527, 0.0004
105.5528, 0.0003
105.6528, 0.0003
105.7529, 0.0003
105.8529, 0.0003
105.9530, 0.0003
106.0530, 0.0003
106.1531, 0.0002
106.2531, 0.0002
106.3532, 0.0002
106.4532, 0.0002
106.5533, 0.0002
106.6533, 0.0001
106.7534, 0.0001
106.8534, 0.0001
106.9535, 0.0001
107.0535, 0.0000
107.1536, 0.0000
107.2536, -0.0000
107.3537, -0.0000
107.4537, -0.0001
107.5538, -0.0001
107.6538, -0.0001
107.7539, -0.0001
107.8539, -0.0002
107.9540, -0.0002
108.0540, -0.0002
108.1541, -0.0002
108.2541, -0.0002
108.3542, -0.0003
108.4542, -0.0003
108.5543, -0.0003
108.6543, -0.0003
108.7544, -0.0003
108.8544, -0.0003
108.9545, -0.0003
109.0545, -0.0003
109.1546, -0.0003
109.2546, -0.0003
109.3547, -0.0003
109.4547, -0.0003
109.5548, -0.0003
109.6548, -0.0003
109.7549, -0.0002
109.8549, -0.0002
109.9550, -0.0002
110.0550, -0.0002
110.1551, -0.0002
110.2551, -0.0001
110.3552, -0.0001
110.4552, -0.0001
110.5553, -0.0001
110.6553, -0.0000
110.7554, -0.0000
110.8554, 0.0000
110.9555, 0.0000
111.0555, 0.0001
111.1556, 0.0001
111.2556, 0.0001
111.3557, 0.0001
111.4557, 0.0001
111.5558, 0.0002
111.6558, 0.0002
111.7559, 0.0002
111.8559, 0.0002
111.9560, 0.0002
112.0560, 0.0002
112.1561, 0.0002
112.2561, 0.0002
112.3562, 0.0002
112.4562, 0.0002
112.5563, 0.0003
112.6563, 0.0003
112.7564, 0.0003
112.8564, 0.0002
112.9565, 0.0002
113.0565, 0.0002
113.1566, 0.0002
113.2566, 0.0002
113.3567, 0.0002
113.4567, 0.0002
113.5568, 0.0002
113.6568, 0.0002
113.7569, 0.0002
113.8569, 0.0001
113.9570, 0.0001
114.0570, 0.0001
114.1571, 0.0001
114.2571, 0.0001
114.3572, 0.0000
114.4572, 0.0000
114.5573, 0.0000
114.6573, -0.0000
114.7574, -0.0000
114.8574, -0.0001
114.9575, -0.0001
115.0575, -0.0001
115.1576, -0.0001
115.2576, -0.0001
115.3577, -0.0002
115.4577, -0.0002
115.5578, -0.0002
115.6578, -0.0002
115.7579, -0.0002
115.8579, -0.0002
115.9580, -0.0002
116.0580, -0.0002
116.1581, -0.0002
116.2581, -0.0002
116.3582, -0.0002
116.4582, -0.0002
116.5583, -0.0002
116.6583, -0.0002
116.7584, -0.0002
116.8584, -0.0002
116.9585, -0.0002
117.0585, -0.0002
117.1586, -0.0002
117.2586, -0.0002
117.3587, -0.0001
117.4587, -0.0001
117.5588, -0.0001
117.6588, -0.0001
117.7589, -0.0001
117.8589, -0.0001
117.9590, -0.0000
118.0590, -0.0000
118.1591, -0.0000
118.2591, 0.0000
118.3592, 0.0000
118.4592, 0.0000
118.5593, 0.0001
118.6593, 0.0001
118.7594, 0.0001
118.8594, 0.0001
118.9595, 0.0001
119.0595, 0.0001
119.1596, 0.0001
119.2596, 0.0001
119.3597, 0.0002
119.4597, 0.0002
119.5598, 0.0002
119.6598, 0.0002
119.7599, 0.0002
119.8599, 0.0002
119.9600, 0.0002
120.0600, 0.0002
120.1601, 0.0002
120.2601, 0.0002
120.3602, 0.0002
120.4602, 0.0002
120.5603, 0.0002
120.6603, 0.0002
120.7604, 0.0002
120.8604, 0.0001
120.9605, 0.0001
121.0605, 0.0001
121.1606, 0.0001
121.2606, 0.0001
121.3607, 0.0001
121.4607, 0.0001
121.5608, 0.0001
121.6608, 0.0000
121.7609, 0.0000
121.8609, 0.0000
121.9610, -0.0000
122.0610, -0.0000
122.1611, -0.0000
122.2611, -0.0001
122.3612, -0.0001
122.4612, -0.0001
122.5613, -0.0001
122.6613, -0.0001
122.7614, -0.0001
122.8614, -0.0001
122.9615, -0.0001
123.0615, -0.0001
123.1616, -0.0001
123.2616, -0.0001
123.3617, -0.0002
123.4617, -0.0002
123.5618, -0.0002
123.6618, -0.0002
123.7619, -0.0002
123.8619, -0.0002
123.9620, -0.0002
124.0620, -0.0002
124.1621, -0.0001
124.2621, -0.0001
124.3622, -0.0001
124.4622, -0.0001
124.5623, -0.0001
124.6623, -0.0001
124.7624, -0.0001
124.8624, -0.0001
124.9625, -0.0001
125.0625, -0.0001
125.1626, -0.0001
125.2626, -0.0000
125.3627, -0.0000
125.4627, -0.0000
125.5628, -0.0000
125.6628, 0.0000
125.7629, 0.0000
125.8629, 0.0000
125.9630, 0.0000
126.0630, 0.0001
126.1631, 0.0001
126.2631, 0.0001
126.3632, 0.0001
126.4632, 0.0001
126.5633, 0.0001
126.6633, 0.0001
126.7634, 0.0001
126.8634, 0.0001
126.9635, 0.0001
127.0635, 0.0001
127.1636, 0.0001
127.2636, 0.0001
127.3637, 0.0001
127.4637, 0.0001
127.5638, 0.0001
127.6638, 0.0001
127.7639, 0.0001
127.8639, 0.0001
127.9640, 0.0001
128.0640, 0.0001
128.1641, 0.0001
128.2641, 0.0001
128.3642, 0.0001
128.4642, 0.0001
128.5643, 0.0001
128.6643, 0.0001
128.7644, 0.0001
128.8644, 0.0000
128.9645, 0.0000
129.0645, 0.0000
129.1646, 0.0000
129.2646, 0.0000
129.3647, -0.0000
129.4647, -0.0000
129.5648, -0.0000
129.6648, -0.0000
129.7649, -0.0000
129.8649, -0.0001
129.9650, -0.0001
130.0650, -0.0001
130.1651, -0.0001
130.2651, -0.0001
130.3652, -0.0001
130.4652, -0.0001
130.5653, -0.0001
130.6653, -0.0001
130.7654, -0.0001
130.8654, -0.0001
130.9655, -0.0001
131.0655, -0.0001
131.1656, -0.0001
131.2656, -0.0001
131.3657, -0.0001
131.4657, -0.0001
131.5658, -0.0001
131.6658, -0.0001
131.7659, -0.0001
131.8659, -0.0001
131.9660, -0.0001
132.0660, -0.0001
132.1661, -0.0001
132.2661, -0.0001
132.3662, -0.0001
132.4662, -0.0000
132.5663, -0.0000
132.6663, -0.0000
132.7664, -0.0000
132.8664, -0.0000
132.9665, 0.0000
133.0665, 0.0000
133.1666, 0.0000
133.2666, 0.0000
133.3667, 0.0000
133.4667, 0.0000
133.5668, 0.0001
133.6668, 0.0001
133.7669, 0.0001
133.8669, 0.0001
133.9670, 0.0001
134.0670, 0.0001
134.1671, 0.0001
134.2671, 0.0001
134.3672, 0.0001
134.4672, 0.0001
134.5673, 0.0001
134.6673, 0.0001
134.7674, 0.0001
134.8674, 0.0001
134.9675, 0.0001
135.0675, 0.0001
135.1676, 0.0001
135.2676, 0.0001
135.3677, 0.0001
135.4677, 0.0001
135.5678, 0.0001
135.6678, 0.0001
135.7679, 0.0001
135.8679, 0.0001
135.9680, 0.0001
136.0680, 0.0000
136.1681, 0.0000
136.2681, 0.0000
136.3682, 0.0000
136.4682, 0.0000
136.5683, 0.0000
136.6683, -0.0000
136.7684, -0.0000
136.8684, -0.0000
136.9685, -0.0000
137.0685, -0.0000
137.1686, -0.0000
137.2686, -0.0000
137.3687, -0.0001
137.4687, -0.0001
137.5688, -0.0001
137.6688, -0.0001
137.7689, -0.0001
137.8689, -0.0001
137.9690, -0.0001
138.0690, -0.0001
138.1691, -0.0001
138.2691, -0.0001
138.3692, -0.0001
138.4692, -0.0001
138.5693, -0.0001
138.6693, -0.0001
138.7694, -0.0001
138.8694, -0.0001
138.9695, -0.0001
139.0695, -0.0001
139.1696, -0.0001
139.2696, -0.0001
139.3697, -0.0001
139.4697, -0.0001
139.5698, -0.0000
139.6698, -0.0000
139.7699, -0.0000
139.8699, -0.0000
139.9700, -0.0000
140.0700, -0.0000
140.1701, -0.0000
140.2701, -0.0000
140.3702, 0.0000
140.4702, 0.0000
140.5703, 0.0000
140.6703, 0.0000
140.7704, 0.0000
140.8704, 0.0000
140.9705, 0.0000
141.0705, 0.0000
141.1706, 0.0000
141.2706, 0.0001
141.3707, 0.0001
141.4707, 0.0001
141.5708, 0.0001
141.6708, 0.0001
141.7709, 0.0001
141.8709, 0.0001
141.9710, 0.0001
142.0710, 0.0001
142.1711, 0.0001
142.2711, 0.0001
142.3712, 0.0001
142.4712, 0.0001
142.5713, 0.0001
142.6713, 0.0001
142.7714, 0.0001
142.8714, 0.0001
142.9715, 0.0001
143.0715, 0.0001
143.1716, 0.0000
143.2716, 0.0000
143.3717, 0.0000
143.4717, 0.0000
143.5718, 0.0000
143.6718, 0.0000
143.7719, 0.0000
143.8719, 0.0000
143.9720, 0.0000
144.0720, -0.0000
144.1721, -0.0000
144.2721, -0.0000
144.3722, -0.0000
144.4722, -0.0000
144.5723, -0.0000
144.6723, -0.0000
144.7724, -0.0000
144.8724, -0.0000
144.9725, -0.0000
145.0725, -0.0001
145.1726, -0.0001
145.2726, -0.0001
145.3727, -0.0001
145.4727, -0.0001
145.5728, -0.0001
145.6728, -0.0001
145.7729, -0.0001
145.8729, -0.0001
145.9730, -0.0001
146.0730, -0.0001
146.1731, -0.0001
146.2731, -0.0001
146.3732, -0.0001
146.4732, -0.0001
146.5733, -0.0001
146.6733, -0.0000
146.7734, -0.0000
146.8734, -0.0000
146.9735, -0.0000
147.0735, -0.0000
147.1736, -0.0000
147.2736, -0.0000
147.3737, -0.0000
147.4737, -0.0000
147.5738, -0.0000
147.6738, -0.0000
147.7739, 0.0000
147.8739, 0.0000
147.9740, 0.0000
148.0740, 0.0000
148.1741, 0.0000
148.2741, 0.0000
148.3742, 0.0000
148.4742, 0.0000
148.5743, 0.0000
148.6743, 0.0000
148.7744, 0.0000
148.8744, 0.0000
148.9745, 0.0000
149.0745, 0.0001
149.1746, 0.0001
149.2746, 0.0001
149.3747, 0.0001
149.4747, 0.0001
149.5748, 0.0001
149.6748, 0.0001
149.7749, 0.0001
149.8749, 0.0001
149.9750, 0.0000
150.0750, 0.0000
150.1751, 0.0000
150.2751, 0.0000
150.3752, 0.0000
150.4752, 0.0000
150.5753, 0.0000
150.6753, 0.0000
150.7754, 0.0000
150.8754, 0.0000
150.9755, 0.0000
151.0755, 0.0000
151.1756, 0.0000
151.2756, 0.0000
151.3757, 0.0000
151.4757, -0.0000
151.5758, -0.0000
151.6758, -0.0000
151.7759, -0.0000
151.8759, -0.0000
151.9760, -0.0000
152.0760, -0.0000
152.1761, -0.0000
152.2761, -0.0000
152.3762, -0.0000
152.4762, -0.0000
152.5763, -0.0000
152.6763, -0.0000
152.7764, -0.0000
152.8764, -0.0000
152.9765, -0.0000
153.0765, -0.0000
153.1766, -0.0000
153.2766, -0.0000
153.3767, -0.0000
153.4767, -0.0000
153.5768, -0.0000
153.6768, -0.0000
153.7769, -0.0000
153.8769, -0.0000
153.9770, -0.0000
154.0770, -0.0000
154.1771, -0.0000
154.2771, -0.0000
154.3772, -0.0000
154.4772, -0.0000
154.5773, -0.0000
154.6773, -0.0000
154.7774, -0.0000
154.8774, -0.0000
154.9775, -0.0000
155.0775, -0.0000
155.1776, 0.0000
155.2776, 0.0000
155.3777, 0.0000
155.4777, 0.0000
155.5778, 0.0000
155.6778, 0.0000
155.7779, 0.0000
155.8779, 0.0000
155.9780, 0.0000
156.0780, 0.0000
156.1781, 0.0000
156.2781, 0.0000
156.3782, 0.0000
156.4782, 0.0000
156.5783, 0.0000
156.6783, 0.0000
156.7784, 0.0000
156.8784, 0.0000
156.9785, 0.0000
157.0785, 0.0000
157.1786, 0.0000
157.2786, 0.0000
157.3787, 0.0000
157.4787, 0.0000
157.5788, 0.0000
157.6788, 0.0000
157.7789, 0.0000
157.8789, 0.0000
157.9790, 0.0000
158.0790, 0.0000
158.1791, 0.0000
158.2791, 0.0000
158.3792, 0.0000
158.4792, 0.0000
158.5793, 0.0000
158.6793, 0.0000
158.7794, -0.0000
158.8794, -0.0000
158.9795, -0.0000
159.0795, -0.0000
159.1796, -0.0000
159.2796, -0.0000
159.3797, -0.0000
159.4797, -0.0000
159.5798, -0.0000
159.6798, -0.0000
159.7799, -0.0000
159.8799, -0.0000
159.9800, -0.0000
160.0800, -0.0000
160.1801, -0.0000
160.2801, -0.0000
160.3802, -0.0000
160.4802, -0.0000
160.5803, -0.0000
160.6803, -0.0000
160.7804, -0.0000
160.8804, -0.0000
160.9805, -0.0000
161.0805, -0.0000
161.1806, -0.0000
161.2806, -0.0000
161.3807, -0.0000
161.4807, -0.0000
161.5808, -0.0000
161.6808, -0.0000
161.7809, -0.0000
161.8809, -0.0000
161.9810, -0.0000
162.0810, -0.0000
162.1811, -0.0000
162.2811, -0.0000
162.3812, -0.0000
162.4812, 0.0000
162.5813, 0.0000
162.6813, 0.0000
162.7814, 0.0000
162.8814, 0.0000
162.9815, 0.0000
163.0815, 0.0000
163.1816, 0.0000
163.2816, 0.0000
163.3817, 0.0000
163.4817, 0.0000
163.5818, 0.0000
163.6818, 0.0000
163.7819, 0.0000
163.8819, 0.0000
163.9820, 0.0000
164.0820, 0.0000
164.1821, 0.0000
164.2821, 0.0000
164.3822, 0.0000
164.4822, 0.0000
164.5823, 0.0000
164.6823, 0.0000
164.7824, 0.0000
164.8824, 0.0000
164.9825, 0.0000
165.0825, 0.0000
165.1826, 0.0000
165.2826, 0.0000
165.3827, 0.0000
165.4827, 0.0000
165.5828, 0.0000
165.6828, 0.0000
165.7829, 0.0000
165.8829, 0.0000
165.9830, 0.0000
166.0830, 0.0000
166.1831, -0.0000
166.2831, -0.0000
166.3832, -0.0000
166.4832, -0.0000
166.5833, -0.0000
166.6833, -0.0000
166.7834, -0.0000
166.8834, -0.0000
166.9835, -0.0000
167.0835, -0.0000
167.1836, -0.0000
167.2836, -0.0000
167.3837, -0.0000
167.4837, -0.0000
167.5838, -0.0000
167.6838, -0.0000
167.7839, -0.0000
167.8839, -0.0000
167.9840, -0.0000
168.0840, -0.0000
168.1841, -0.0000
168.2841, -0.0000
168.3842, -0.0000
168.4842, -0.0000
168.5843, -0.0000
168.6843, -0.0000
168.7844, -0.0000
168.8844, -0.0000
168.9845, -0.0000
169.0845, -0.0000
169.1846, -0.0000
169.2846, -0.0000
169.3847, -0.0000
169.4847, -0.0000
169.5848, -0.0000
169.6848, -0.0000
169.7849, -0.0000
169.8849, 0.0000
169.9850, 0.0000
170.0850, 0.0000
170.1851, 0.0000
170.2851, 0.0000
170.3852, 0.0000
170.4852, 0.0000
170.5853, 0.0000
170.6853, 0.0000
170.7854, 0.0000
170.8854, 0.0000
170.9855, 0.0000
171.0855, 0.0000
171.1856, 0.0000
171.2856, 0.0000
171.3857, 0.0000
171.4857, 0.0000
171.5858, 0.0000
171.6858, 0.0000
171.7859, 0.0000
171.8859, 0.0000
171.9860, 0.0000
172.0860, 0.0000
172.1861, 0.0000
172.2861, 0.0000
172.3862, 0.0000
172.4862, 0.0000
172.5863, 0.0000
172.6863, 0.0000
172.7864, 0.0000
172.8864, 0.0000
172.9865, 0.0000
173.0865, 0.0000
173.1866, 0.0000
173.2866, 0.0000
173.3867, 0.0000
173.4867, 0.0000
173.5868, -0.0000
173.6868, -0.0000
173.7869, -0.0000
173.8869, -0.0000
173.9870, -0.0000
174.0870, -0.0000
174.1871, -0.0000
174.2871, -0.0000
174.3872, -0.0000
174.4872, -0.0000
174.5873, -0.0000
174.6873, -0.0000
174.7874, -0.0000
174.8874, -0.0000
174.9875, -0.0000
175.0875, -0.0000
175.1876, -0.0000
175.2876, -0.0000
175.3877, -0.0000
175.4877, -0.0000
175.5878, -0.0000
175.6878, -0.0000
175.7879, -0.0000
175.8879, -0.0000
175.9880, -0.0000
176.0880, -0.0000
176.1881, -0.0000
176.2881, -0.0000
176.3882, -0.0000
176.4882, -0.0000
176.5883, -0.0000
176.6883, -0.0000
176.7884, -0.0000
176.8884, -0.0000
176.9885, -0.0000
177.0885, -0.0000
177.1886, -0.0000
177.2886, 0.0000
177.3887, 0.0000
177.4887, 0.0000
177.5888, 0.0000
177.6888, 0.0000
177.7889, 0.0000
177.8889, 0.0000
177.9890, 0.0000
178.0890, 0.0000
178.1891, 0.0000
178.2891, 0.0000
178.3892, 0.0000
178.4892, 0.0000
178.5893, 0.0000
178.6893, 0.0000
178.7894, 0.0000
178.8894, 0.0000
178.9895, 0.0000
179.0895, 0.0000
179.1896, 0.0000
179.2896, 0.0000
179.3897, 0.0000
179.4897, 0.0000
179.5898, 0.0000
179.6898, 0.0000
179.7899, 0.0000
179.8899, 0.0000
179.9900, 0.0000
180.0900, 0.0000
180.1901, 0.0000
180.2901, 0.0000
180.3902, 0.0000
180.4902, 0.0000
180.5903, 0.0000
180.6903, 0.0000
180.7904, 0.0000
180.8904, 0.0000
180.9905, -0.0000
181.0905, -0.0000
181.1906, -0.0000
181.2906, -0.0000
181.3907, -0.0000
181.4907, -0.0000
181.5908, -0.0000
181.6908, -0.0000
181.7909, -0.0000
181.8909, -0.0000
181.9910, -0.0000
182.0910, -0.0000
182.1911, -0.0000
182.2911, -0.0000
182.3912, -0.0000
182.4912, -0.0000
182.5913, -0.0000
182.6913, -0.0000
182.7914, -0.0000
182.8914, -0.0000
182.9915, -0.0000
183.0915, -0.0000
183.1916, -0.0000
183.2916, -0.0000
183.3917, -0.0000
183.4917, -0.0000
183.5918, -0.0000
183.6918, -0.0000
183.7919, -0.0000
183.8919, -0.0000
183.9920, -0.0000
184.0920, -0.0000
184.1921, -0.0000
184.2921, -0.0000
184.3922, -0.0000
184.4922, -0.0000
184.5923, 0.0000
184.6923, 0.0000
184.7924, 0.0000
184.8924, 0.0000
184.9925, 0.0000
185.0925, 0.0000
185.1926, 0.0000
185.2926, 0.0000
185.3927, 0.0000
185.4927, 0.0000
185.5928, 0.0000
185.6928, 0.0000
185.7929, 0.0000
185.8929, 0.0000
185.9930, 0.0000
186.0930, 0.0000
186.1931, 0.0000
186.2931, 0.0000
186.3932, 0.0000
186.4932, 0.0000
186.5933, 0.0000
186.6933, 0.0000
186.7934, 0.0000
186.8934, 0.0000
186.9935, 0.0000
187.0935, 0.0000
187.1936, 0.0000
187.2936, 0.0000
187.3937, 0.0000
187.4937, 0.0000
187.5938, 0.0000
187.6938, 0.0000
187.7939, 0.0000
187.8939, 0.0000
187.9940, 0.0000
188.0940, 0.0000
188.1941, 0.0000
188.2941, -0.0000
188.3942, -0.0000
188.4942, -0.0000
188.5943, -0.0000
188.6943, -0.0000
188.7944, -0.0000
188.8944, -0.0000
188.9945, -0.0000
189.0945, -0.0000
189.1946, -0.0000
189.2946, -0.0000
189.3947, -0.0000
189.4947, -0.0000
189.5948, -0.0000
189.6948, -0.0000
189.7949, -0.0000
189.8949, -0.0000
189.9950, -0.0000
190.0950, -0.0000
190.1951, -0.0000
190.2951, -0.0000
190.3952, -0.0000
190.4952, -0.0000
190.5953, -0.0000
190.6953, -0.0000
190.7954, -0.0000
190.8954, -0.0000
190.9955, -0.0000
191.0955, -0.0000
191.1956, -0.0000
191.2956, -0.0000
191.3957, -0.0000
191.4957, -0.0000
191.5958, -0.0000
191.6958, -0.0000
191.7959, -0.0000
191.8959, -0.0000
191.9960, 0.0000
192.0960, 0.0000
192.1961, 0.0000
192.2961, 0.0000
192.3962, 0.0000
192.4962, 0.0000
192.5963, 0.0000
192.6963, 0.0000
192.7964, 0.0000
192.8964, 0.0000
192.9965, 0.0000
193.0965, 0.0000
193.1966, 0.0000
193.2966, 0.0000
193.3967, 0.0000
193.4967, 0.0000
193.5968, 0.0000
193.6968, 0.0000
193.7969, 0.0000
193.8969, 0.0000
193.9970, 0.0000
194.0970, 0.0000
194.1971, 0.0000
194.2971, 0.0000
194.3972, 0.0000
194.4972, 0.0000
194.5973, 0.0000
194.6973, 0.0000
194.7974, 0.0000
194.8974, 0.0000
194.9975, 0.0000
195.0975, 0.0000
195.1976, 0.0000
195.2976, 0.0000
195.3977, 0.0000
195.4977, 0.0000
195.5978, 0.0000
195.6978, -0.0000
195.7979, -0.0000
195.8979, -0.0000
195.9980, -0.0000
196.0980, -0.0000
196.1981, -0.0000
196.2981, -0.0000
196.3982, -0.0000
196.4982, -0.0000
196.5983, -0.0000
196.6983, -0.0000
196.7984, -0.0000
196.8984, -0.0000
196.9985, -0.0000
197.0985, -0.0000
197.1986, -0.0000
197.2986, -0.0000
197.3987, -0.0000
197.4987, -0.0000
197.5988, -0.0000
197.6988, -0.0000
197.7989, -0.0000
197.8989, -0.0000
197.9990, -0.0000
198.0990, -0.0000
198.1991, -0.0000
198.2991, -0.0000
198.3992, -0.0000
198.4992, -0.0000
198.5993, -0.0000
198.6993, -0.0000
198.7994, -0.0000
198.8994, -0.0000
198.9995, -0.0000
199.0995, -0.0000
199.1996, -0.0000
199.2996, -0.0000
199.3997, 0.0000
199.4997, 0.0000
199.5998, 0.0000
199.6998, 0.0000
199.7999, 0.0000
199.8999, 0.0000
200.0000, 0.0000
