0.0000, 0.0000
0.1253, 0.0000
0.2505, 0.0000
0.3758, 0.0000
0.5010, 0.0001
0.6263, 0.0002
0.7516, 0.0003
0.8768, 0.0006
1.0021, 0.0008
1.1273, 0.0011
1.2526, 0.0015
1.3779, 0.0018
1.5031, 0.0021
1.6284, 0.0023
1.7537, 0.0026
1.8789, 0.0029
2.0042, 0.0031
2.1294, 0.0033
2.2547, 0.0035
2.3800, 0.0037
2.5052, 0.0038
2.6305, 0.0040
2.7557, 0.0041
2.8810, 0.0042
3.0063, 0.0042
3.1315, 0.0042
3.2568, 0.0044
3.3820, 0.0046
3.5073, 0.0052
3.6326, 0.0059
3.7578, 0.0071
3.8831, 0.0085
4.0084, 0.0103
4.1336, 0.0123
4.2589, 0.0146
4.3841, 0.0171
4.5094, 0.0197
4.6347, 0.0223
4.7599, 0.0249
4.8852, 0.0274
5.0104, 0.0297
5.1357, 0.0319
5.2610, 0.0338
5.3862, 0.0356
5.5115, 0.0371
5.6367, 0.0384
5.7620, 0.0395
5.8873, 0.0403
6.0125, 0.0409
6.1378, 0.0411
6.2630, 0.0412
6.3883, 0.0409
6.5136, 0.0404
6.6388, 0.0395
6.7641, 0.0385
6.8894, 0.0373
7.0146, 0.0361
7.1399, 0.0349
7.2651, 0.0337
7.3904, 0.0328
7.5157, 0.0320
7.6409, 0.0313
7.7662, 0.0309
7.8914, 0.0305
8.0167, 0.0302
8.1420, 0.0299
8.2672, 0.0296
8.3925, 0.0291
8.5177, 0.0285
8.6430, 0.0277
8.7683, 0.0268
8.8935, 0.0258
9.0188, 0.0246
9.1441, 0.0234
9.2693, 0.0221
9.3946, 0.0207
9.5198, 0.0191
9.6451, 0.0175
9.7704, 0.0159
9.8956, 0.0141
10.0209, 0.0123
10.1461, 0.0104
10.2714, 0.0084
10.3967, 0.0064
10.5219, 0.0043
10.6472, 0.0022
10.7724, 0.0001
10.8977, -0.0021
11.0230, -0.0042
11.1482, -0.0064
11.2735, -0.0086
11.3987, -0.0107
11.5240, -0.0128
11.6493, -0.0148
11.7745, -0.0166
11.8998, -0.0181
12.0251, -0.0194
12.1503, -0.0202
12.2756, -0.0207
12.4008, -0.0207
12.5261, -0.0201
12.6514, -0.0190
12.7766, -0.0173
12.9019, -0.0150
13.0271, -0.0121
13.1524, -0.0087
13.2777, -0.0048
13.4029, -0.0004
13.5282, 0.0042
13.6534, 0.0090
13.7787, 0.0138
13.9040, 0.0185
14.0292, 0.0232
14.1545, 0.0277
14.2797, 0.0320
14.4050, 0.0362
14.5303, 0.0401
14.6555, 0.0437
14.7808, 0.0470
14.9061, 0.0499
15.0313, 0.0525
15.1566, 0.0547
15.2818, 0.0565
15.4071, 0.0578
15.5324, 0.0587
15.6576, 0.0591
15.7829, 0.0591
15.9081, 0.0587
16.0334, 0.0578
16.1587, 0.0564
16.2839, 0.0547
16.4092, 0.0526
16.5344, 0.0501
16.6597, 0.0473
16.7850, 0.0442
16.9102, 0.0409
17.0355, 0.0375
17.1608, 0.0340
17.2860, 0.0306
17.4113, 0.0271
17.5365, 0.0238
17.6618, 0.0206
17.7871, 0.0175
17.9123, 0.0145
18.0376, 0.0115
18.1628, 0.0086
18.2881, 0.0058
18.4134, 0.0030
18.5386, 0.0004
18.6639, -0.0021
18.7891, -0.0043
18.9144, -0.0063
19.0397, -0.0080
19.1649, -0.0094
19.2902, -0.0104
19.4154, -0.0112
19.5407, -0.0116
19.6660, -0.0120
19.7912, -0.0122
19.9165, -0.0124
20.0418, -0.0125
20.1670, -0.0126
20.2923, -0.0127
20.4175, -0.0127
20.5428, -0.0127
20.6681, -0.0126
20.7933, -0.0124
20.9186, -0.0123
21.0438, -0.0120
21.1691, -0.0117
21.2944, -0.0114
21.4196, -0.0110
21.5449, -0.0105
21.6701, -0.0099
21.7954, -0.0093
21.9207, -0.0086
22.0459, -0.0078
22.1712, -0.0069
22.2965, -0.0060
22.4217, -0.0050
22.5470, -0.0040
22.6722, -0.0029
22.7975, -0.0017
22.9228, -0.0006
23.0480, 0.0006
23.1733, 0.0019
23.2985, 0.0032
23.4238, 0.0045
23.5491, 0.0059
23.6743, 0.0073
23.7996, 0.0088
23.9248, 0.0103
24.0501, 0.0119
24.1754, 0.0137
24.3006, 0.0155
24.4259, 0.0175
24.5511, 0.0196
24.6764, 0.0217
24.8017, 0.0239
24.9269, 0.0261
25.0522, 0.0283
25.1775, 0.0303
25.3027, 0.0322
25.4280, 0.0339
25.5532, 0.0353
25.6785, 0.0365
25.8038, 0.0375
25.9290, 0.0382
26.0543, 0.0387
26.1795, 0.0390
26.3048, 0.0391
26.4301, 0.0389
26.5553, 0.0385
26.6806, 0.0378
26.8058, 0.0369
26.9311, 0.0359
27.0564, 0.0346
27.1816, 0.0330
27.3069, 0.0313
27.4322, 0.0294
27.5574, 0.0274
27.6827, 0.0251
27.8079, 0.0227
27.9332, 0.0202
28.0585, 0.0176
28.1837, 0.0149
28.3090, 0.0123
28.4342, 0.0096
28.5595, 0.0070
28.6848, 0.0045
28.8100, 0.0021
28.9353, -0.0002
29.0605, -0.0024
29.1858, -0.0044
29.3111, -0.0063
29.4363, -0.0079
29.5616, -0.0094
29.6868, -0.0107
29.8121, -0.0118
29.9374, -0.0127
30.0626, -0.0133
30.1879, -0.0137
30.3132, -0.0138
30.4384, -0.0137
30.5637, -0.0134
30.6889, -0.0128
30.8142, -0.0120
30.9395, -0.0110
31.0647, -0.0097
31.1900, -0.0083
31.3152, -0.0068
31.4405, -0.0052
31.5658, -0.0035
31.6910, -0.0019
31.8163, -0.0003
31.9415, 0.0014
32.0668, 0.0030
32.1921, 0.0045
32.3173, 0.0060
32.4426, 0.0075
32.5678, 0.0088
32.6931, 0.0101
32.8184, 0.0113
32.9436, 0.0123
33.0689, 0.0133
33.1942, 0.0141
33.3194, 0.0148
33.4447, 0.0154
33.5699, 0.0161
33.6952, 0.0169
33.8205, 0.0181
33.9457, 0.0196
34.0710, 0.0215
34.1962, 0.0239
34.3215, 0.0268
34.4468, 0.0302
34.5720, 0.0340
34.6973, 0.0381
34.8225, 0.0425
34.9478, 0.0469
35.0731, 0.0513
35.1983, 0.0555
35.3236, 0.0594
35.4489, 0.0630
35.5741, 0.0662
35.6994, 0.0691
35.8246, 0.0715
35.9499, 0.0735
36.0752, 0.0750
36.2004, 0.0761
36.3257, 0.0767
36.4509, 0.0768
36.5762, 0.0763
36.7015, 0.0754
36.8267, 0.0739
36.9520, 0.0719
37.0772, 0.0694
37.2025, 0.0664
37.3278, 0.0630
37.4530, 0.0591
37.5783, 0.0549
37.7035, 0.0505
37.8288, 0.0459
37.9541, 0.0412
38.0793, 0.0365
38.2046, 0.0319
38.3299, 0.0273
38.4551, 0.0228
38.5804, 0.0185
38.7056, 0.0143
38.8309, 0.0103
38.9562, 0.0065
39.0814, 0.0029
39.2067, -0.0005
39.3319, -0.0037
39.4572, -0.0067
39.5825, -0.0094
39.7077, -0.0121
39.8330, -0.0145
39.9582, -0.0167
40.0835, -0.0188
40.2088, -0.0206
40.3340, -0.0223
40.4593, -0.0238
40.5846, -0.0251
40.7098, -0.0262
40.8351, -0.0271
40.9603, -0.0278
41.0856, -0.0284
41.2109, -0.0288
41.3361, -0.0290
41.4614, -0.0291
41.5866, -0.0291
41.7119, -0.0290
41.8372, -0.0287
41.9624, -0.0283
42.0877, -0.0279
42.2129, -0.0273
42.3382, -0.0266
42.4635, -0.0257
42.5887, -0.0248
42.7140, -0.0237
42.8392, -0.0224
42.9645, -0.0210
43.0898, -0.0191
43.2150, -0.0168
43.3403, -0.0139
43.4656, -0.0104
43.5908, -0.0062
43.7161, -0.0013
43.8413, 0.0043
43.9666, 0.0104
44.0919, 0.0170
44.2171, 0.0241
44.3424, 0.0315
44.4676, 0.0390
44.5929, 0.0466
44.7182, 0.0541
44.8434, 0.0613
44.9687, 0.0681
45.0939, 0.0745
45.2192, 0.0804
45.3445, 0.0857
45.4697, 0.0905
45.5950, 0.0946
45.7203, 0.0981
45.8455, 0.1008
45.9708, 0.1029
46.0960, 0.1042
46.2213, 0.1047
46.3466, 0.1045
46.4718, 0.1035
46.5971, 0.1018
46.7223, 0.0993
46.8476, 0.0962
46.9729, 0.0924
47.0981, 0.0883
47.2234, 0.0837
47.3486, 0.0790
47.4739, 0.0740
47.5992, 0.0689
47.7244, 0.0637
47.8497, 0.0585
47.9749, 0.0533
48.1002, 0.0482
48.2255, 0.0432
48.3507, 0.0384
48.4760, 0.0336
48.6013, 0.0289
48.7265, 0.0243
48.8518, 0.0197
48.9770, 0.0153
49.1023, 0.0109
49.2276, 0.0065
49.3528, 0.0022
49.4781, -0.0020
49.6033, -0.0060
49.7286, -0.0099
49.8539, -0.0136
49.9791, -0.0171
50.1044, -0.0202
50.2296, -0.0231
50.3549, -0.0257
50.4802, -0.0280
50.6054, -0.0300
50.7307, -0.0317
50.8559, -0.0333
50.9812, -0.0347
51.1065, -0.0360
51.2317, -0.0371
51.3570, -0.0380
51.4823, -0.0387
51.6075, -0.0393
51.7328, -0.0396
51.8580, -0.0396
51.9833, -0.0395
52.1086, -0.0391
52.2338, -0.0384
52.3591, -0.0374
52.4843, -0.0362
52.6096, -0.0348
52.7349, -0.0330
52.8601, -0.0310
52.9854, -0.0288
53.1106, -0.0263
53.2359, -0.0236
53.3612, -0.0206
53.4864, -0.0171
53.6117, -0.0130
53.7370, -0.0083
53.8622, -0.0029
53.9875, 0.0032
54.1127, 0.0100
54.2380, 0.0174
54.3633, 0.0254
54.4885, 0.0339
54.6138, 0.0427
54.7390, 0.0518
54.8643, 0.0610
54.9896, 0.0702
55.1148, 0.0793
55.2401, 0.0880
55.3653, 0.0963
55.4906, 0.1040
55.6159, 0.1110
55.7411, 0.1172
55.8664, 0.1226
55.9916, 0.1272
56.1169, 0.1309
56.2422, 0.1338
56.3674, 0.1357
56.4927, 0.1368
56.6180, 0.1370
56.7432, 0.1362
56.8685, 0.1346
56.9937, 0.1321
57.1190, 0.1288
57.2443, 0.1246
57.3695, 0.1196
57.4948, 0.1139
57.6200, 0.1075
57.7453, 0.1006
57.8706, 0.0933
57.9958, 0.0859
58.1211, 0.0786
58.2463, 0.0714
58.3716, 0.0645
58.4969, 0.0579
58.6221, 0.0517
58.7474, 0.0459
58.8727, 0.0403
58.9979, 0.0350
59.1232, 0.0297
59.2484, 0.0245
59.3737, 0.0192
59.4990, 0.0139
59.6242, 0.0086
59.7495, 0.0034
59.8747, -0.0017
60.0000, -0.0067
